日期	平原产水	其他外供	河网供水	水库供水	合计来水	农业需水	其他生态需水	非农需水	需水量	净流量	目标容积	日初容积	日中容积	日末容积	排末容积	水位生态需水	初河蓄水	蓄水消后	缺水(浙东需供)	末河蓄水	排河蓄水	排水容积	河区排水	容积变化	排后变化	纳蓄能力	低水位以上蓄水量	总蓄水量	生态需水	总需水量	本地可供水量	展示本地可供水量	累积时段
2026/03/03	252.5	178.9398	41.69699999999999	5.357	225.99380000000002	147.68	62.36999999999999	180.8438	328.52379999999994	-164.90000000000003	63315.57534246575	3619.576246265859	3454.676246265859	3623.8272462658592	3623.8272462658592	0.0	0.0	0.0	169.151	0.0	0.0	74231.66666666667	0.0	4.251000000000204	4.251000000000204	62315.17275373415	0.0	3623.8272462658592	62.36999999999999	390.89379999999994	225.99380000000002	221.74279999999993	2026/03/03至2026/03/03
2026/03/04	271.12	359.4706	69.047	10.714	439.23159999999996	295.36	124.73999999999998	361.6876	657.0475999999999	-342.55600000000004	126631.1506849315	7243.403492531718	6900.847492531719	7249.916492531718	7249.916492531718	0.0	0.0	0.0	349.0690000000001	0.0	0.0	148463.33333333334	0.0	6.51299999999992	6.51299999999992	124628.0835074683	0.0	7249.916492531718	124.73999999999998	781.7875999999999	439.23159999999996	432.7185999999998	2026/03/03至2026/03/04
2026/03/05	1019.96	541.7914	92.099	16.071	649.9613999999999	443.04	187.10999999999996	542.5314	985.5713999999998	-522.72	189946.72602739726	10869.492738797577	10346.77273879758	10878.058738797577	10878.058738797577	0.0	0.0	0.0	531.2860000000001	0.0	0.0	222695.0	0.0	8.566000000000258	8.566000000000258	186938.94126120245	0.0	10878.058738797577	187.10999999999996	1172.6814	649.9613999999999	641.3953999999998	2026/03/03至2026/03/05
2026/03/06	1040.8700000000001	725.8782	111.417	21.428	858.7231999999999	590.72	249.47999999999996	723.3752	1314.0951999999997	-704.852	253262.301369863	14497.634985063436	13792.782985063437	14508.089985063436	14508.089985063436	0.0	0.0	0.0	715.307	0.0	0.0	296926.6666666667	0.0	10.454999999999927	10.454999999999927	249247.91001493658	0.0	14508.089985063436	249.47999999999996	1563.5751999999998	858.7231999999999	848.2681999999998	2026/03/03至2026/03/06
2026/03/07	1104.48	911.17	127.958	26.785	1065.913	738.4000000000001	311.84999999999997	904.2189999999999	1642.6189999999997	-888.5559999999999	316577.87671232875	18127.666231329295	17239.110231329294	18139.879231329294	18139.879231329294	0.0	0.0	0.0	900.769	0.0	0.0	371158.3333333334	0.0	12.213000000000193	12.213000000000193	311555.12076867075	0.0	18139.879231329294	311.84999999999997	1954.4689999999996	1065.913	1053.6999999999998	2026/03/03至2026/03/07
2026/03/08	1323.82	1096.8458	142.999	32.142	1271.9868000000001	886.0800000000002	374.21999999999997	1085.0628	1971.1427999999996	-1073.376	379893.4520547945	21759.455477595155	20686.079477595154	21773.33347759515	21773.33347759515	0.0	0.0	0.0	1087.2540000000001	0.0	0.0	445390.00000000006	0.0	13.878000000000156	13.878000000000156	373860.6665224049	0.0	21773.33347759515	374.21999999999997	2345.3627999999994	1271.9868000000001	1258.1087999999997	2026/03/03至2026/03/08
2026/03/09	1377.22	1283.2116	156.45	37.499	1477.1606000000002	1033.7600000000002	436.59	1265.9065999999998	2299.6665999999996	-1259.096	443209.0273972603	25392.909723861012	24133.813723861014	25408.37772386101	25408.37772386101	0.0	0.0	0.0	1274.564	0.0	0.0	519621.66666666674	0.0	15.467999999999847	15.467999999999847	436164.62227613904	0.0	25408.37772386101	436.59	2736.2565999999993	1477.1606000000002	1461.6925999999996	2026/03/03至2026/03/09
2026/03/10	1651.6399999999999	1469.3934000000002	169.44899999999998	42.856	1681.6984000000002	1181.4400000000003	498.96	1446.7504	2628.1903999999995	-1445.452	506524.6027397261	29027.95397012687	27582.501970126872	29044.958970126867	29044.958970126867	0.0	0.0	0.0	1462.457	0.0	0.0	593853.3333333334	0.0	17.00500000000011	17.00500000000011	498467.0410298732	0.0	29044.958970126867	498.96	3127.150399999999	1681.6984000000002	1664.6933999999997	2026/03/03至2026/03/10
2026/03/11	2819.5	1653.9152000000001	184.588	48.213	1886.7162000000003	1329.1200000000003	561.3299999999999	1627.5942	2956.7141999999994	-1631.328	569840.1780821919	32664.535216392727	31033.20721639273	32683.117216392726	32683.117216392726	0.0	0.0	0.0	1649.91	0.0	0.0	668085.0	0.0	18.582000000000335	18.582000000000335	560767.8827836073	0.0	32683.117216392726	561.3299999999999	3518.044199999999	1886.7162000000003	1868.1341999999995	2026/03/03至2026/03/11
2026/03/12	3343.47	1837.7110000000002	200.993	53.57	2092.2740000000003	1476.8000000000004	623.6999999999999	1808.438	3285.2379999999994	-1816.664	633155.7534246576	36302.693462658586	34486.02946265859	36322.897462658584	36322.897462658584	0.0	0.0	0.0	1836.8680000000002	0.0	0.0	742316.6666666666	0.0	20.20400000000018	20.20400000000018	623067.1025373415	0.0	36322.897462658584	623.6999999999999	3908.9379999999987	2092.2740000000003	2072.0699999999993	2026/03/03至2026/03/12
2026/03/13	3375.2099999999996	2022.1778000000002	216.811	58.927	2297.9158	1624.4800000000005	686.0699999999999	1989.2818000000002	3613.7617999999993	-2001.916	696471.3287671234	39942.473708924445	37940.55770892445	39964.30670892444	39964.30670892444	0.0	0.0	0.0	2023.7490000000003	0.0	0.0	816548.3333333333	0.0	21.833000000000084	21.833000000000084	685364.6932910756	0.0	39964.30670892444	686.0699999999999	4299.831799999999	2297.9158	2276.082799999999	2026/03/03至2026/03/13
2026/03/14	3460.4799999999996	2207.2346000000002	231.871	64.284	2503.3896000000004	1772.1600000000005	748.4399999999999	2170.1256000000003	3942.2855999999992	-2187.336	759786.9041095892	43583.8829551903	41396.54695519031	43607.3309551903	43607.3309551903	0.0	0.0	0.0	2210.784	0.0	0.0	890779.9999999999	0.0	23.44800000000032	23.44800000000032	747660.6690448098	0.0	43607.3309551903	748.4399999999999	4690.725599999999	2503.3896000000004	2479.941599999999	2026/03/03至2026/03/14
2026/03/15	4028.7	2391.6654000000003	247.68900000000002	69.641	2708.9954000000002	1919.8400000000006	810.81	2350.9694000000004	4270.809399999999	-2372.624	823102.479452055	47226.90720145616	44854.283201456165	47251.98120145616	47251.98120145616	0.0	0.0	0.0	2397.698	0.0	0.0	965011.6666666665	0.0	25.07400000000007	25.07400000000007	809955.018798544	0.0	47251.98120145616	810.81	5081.619399999999	2708.9954000000002	2683.9213999999993	2026/03/03至2026/03/15
2026/03/16	4028.7	2576.7892	262.598	74.998	2914.3852	2067.5200000000004	873.18	2531.8132000000005	4599.333199999999	-2558.1279999999997	886418.0547945207	50871.55744772202	48313.429447722025	50898.23944772202	50898.23944772202	0.0	0.0	0.0	2584.81	0.0	0.0	1039243.3333333331	0.0	26.682000000000244	26.682000000000244	872247.7605522781	0.0	50898.23944772202	873.18	5472.5131999999985	2914.3852	2887.703199999999	2026/03/03至2026/03/16
2026/03/17	4028.7	2762.871	276.141	80.355	3119.367	2215.2000000000003	935.55	2712.6570000000006	4927.856999999999	-2744.0399999999995	949733.6301369865	54517.81569398788	51773.77569398788	54546.071693987884	54546.071693987884	0.0	0.0	0.0	2772.296	0.0	0.0	1113474.9999999998	0.0	28.256000000000313	28.256000000000313	934538.9283060123	0.0	54546.071693987884	935.55	5863.406999999998	3119.367	3091.110999999999	2026/03/03至2026/03/17
2026/03/18	4028.7	2949.8308	288.278	85.712	3323.8208000000004	2362.88	997.92	2893.5008000000007	5256.380799999999	-2930.4799999999996	1013049.2054794523	58165.647940253744	55235.16794025374	58195.433940253744	58195.433940253744	0.0	0.0	0.0	2960.2659999999996	0.0	0.0	1187706.6666666665	0.0	29.786000000000058	29.786000000000058	996828.5660597464	0.0	58195.433940253744	997.92	6254.300799999998	3323.8208000000004	3294.034799999999	2026/03/03至2026/03/18
2026/03/19	4069.0499999999997	3137.1466	299.495	91.069	3527.7106000000003	2510.56	1060.29	3074.344600000001	5584.904599999999	-3117.4839999999995	1076364.780821918	61815.010186519605	58697.5261865196	61846.279186519605	61846.279186519605	0.0	0.0	0.0	3148.7529999999997	0.0	0.0	1261938.3333333333	0.0	31.269000000000233	31.269000000000233	1059116.7208134807	0.0	61846.279186519605	1060.29	6645.194599999998	3527.7106000000003	3496.4415999999987	2026/03/03至2026/03/19
2026/03/20	5354.33	3323.9454	316.92900000000003	96.426	3737.3004	2658.24	1122.6599999999999	3255.188400000001	5913.428399999999	-3298.7879999999996	1139680.3561643837	65465.855432785465	62167.06743278546	65499.082432785464	65499.082432785464	0.0	0.0	0.0	3332.015	0.0	0.0	1336170.0	0.0	33.22699999999986	33.22699999999986	1121402.917567215	0.0	65499.082432785464	1122.6599999999999	7036.088399999998	3737.3004	3704.073399999999	2026/03/03至2026/03/20
2026/03/21	7533.9400000000005	3501.0832	370.42400000000004	101.783	3973.2902	2805.9199999999996	1185.0299999999997	3436.032200000001	6241.952199999999	-3453.6919999999996	1202995.9315068494	69118.65867905132	65664.96667905131	69157.80267905132	69157.80267905132	0.0	0.0	0.0	3492.836	0.0	0.0	1410401.6666666667	0.0	39.14400000000023	39.14400000000023	1183683.197320949	0.0	69157.80267905132	1185.0299999999997	7426.982199999998	3973.2902	3934.1461999999988	2026/03/03至2026/03/21
2026/03/22	7537.820000000001	3679.406	403.15000000000003	107.14	4189.696	2953.5999999999995	1247.3999999999996	3616.876000000001	6570.475999999999	-3628.1799999999994	1266311.506849315	72777.37892531719	69149.19892531718	72819.17592531719	72819.17592531719	0.0	0.0	0.0	3669.977	0.0	0.0	1484633.3333333335	0.0	41.797000000000025	41.797000000000025	1245960.8240746832	0.0	72819.17592531719	1247.3999999999996	7817.8759999999975	4189.696	4147.8989999999985	2026/03/03至2026/03/22
2026/03/23	7591.950000000001	3859.8867999999998	427.55000000000007	112.497	4399.9338	3101.2799999999993	1309.7699999999995	3797.719800000001	6898.999799999999	-3808.8359999999993	1329627.0821917807	76438.75217158304	72629.91617158304	76482.56117158305	76482.56117158305	0.0	0.0	0.0	3852.645	0.0	0.0	1558865.0000000002	0.0	43.8090000000002	43.8090000000002	1308236.4388284173	0.0	76482.56117158305	1309.7699999999995	8208.769799999998	4399.9338	4356.124799999999	2026/03/03至2026/03/23
2026/03/24	9320.32	4032.6665999999996	486.9390000000001	117.854	4637.4596	3248.959999999999	1372.1399999999994	3978.5636000000013	7227.523599999999	-3962.2039999999993	1392942.6575342463	80102.13741784889	76139.9334178489	80152.11941784891	80152.11941784891	0.0	0.0	0.0	4012.186	0.0	0.0	1633096.666666667	0.0	49.98199999999997	49.98199999999997	1370505.8805821515	0.0	80152.11941784891	1372.1399999999994	8599.663599999998	4637.4596	4587.477599999998	2026/03/03至2026/03/24
2026/03/25	9339.71	4207.7284	524.0780000000001	123.211	4855.0174	3396.639999999999	1434.5099999999993	4159.407400000001	7556.047399999999	-4135.539999999999	1456258.232876712	83771.69566411476	79636.15566411475	83824.52266411477	83824.52266411477	0.0	0.0	0.0	4188.367	0.0	0.0	1707328.3333333337	0.0	52.82699999999977	52.82699999999977	1432772.4773358856	0.0	83824.52266411477	1434.5099999999993	8990.557399999998	4855.0174	4802.190399999999	2026/03/03至2026/03/25
2026/03/26	11081.509999999998	4373.8372	596.066	128.568	5098.4712	3544.319999999999	1496.8799999999992	4340.251200000001	7884.5711999999985	-4282.979999999999	1519573.8082191776	87444.09891038062	83161.11891038061	87504.08691038063	87504.08691038063	0.0	0.0	0.0	4342.968	0.0	0.0	1781560.0000000005	0.0	59.98799999999983	59.98799999999983	1495031.9130896197	0.0	87504.08691038063	1496.8799999999992	9381.451199999998	5098.4712	5038.483199999999	2026/03/03至2026/03/26
2026/03/27	12890.13	4527.791	702.7330000000001	133.925	5364.449	3691.9999999999986	1559.249999999999	4521.095	8213.094999999998	-4407.895999999999	1582889.3835616433	91123.66315664648	86715.76715664647	91194.5661566465	91194.5661566465	0.0	0.0	0.0	4478.799	0.0	0.0	1855791.6666666672	0.0	70.90300000000025	70.90300000000025	1557280.4338433538	0.0	91194.5661566465	1559.249999999999	9772.344999999998	5364.449	5293.5459999999985	2026/03/03至2026/03/27
2026/03/28	13014.009999999998	4691.4458	772.4590000000001	139.282	5603.1867999999995	3839.6799999999985	1621.619999999999	4701.9388	8541.618799999997	-4560.051999999999	1646204.958904109	94814.14240291234	90254.09040291233	94891.42040291236	94891.42040291236	0.0	0.0	0.0	4637.33	0.0	0.0	1930023.333333334	0.0	77.27800000000025	77.27800000000025	1619522.5795970878	0.0	94891.42040291236	1621.619999999999	10163.238799999997	5603.1867999999995	5525.908799999998	2026/03/03至2026/03/28
2026/03/29	13963.009999999998	4855.970600000001	850.6750000000001	144.639	5851.284599999999	3987.3599999999983	1683.9899999999989	4882.7826	8870.142599999996	-4702.847999999999	1709520.5342465746	98510.99664917821	93808.1486491782	98596.20964917823	98596.20964917823	0.0	0.0	0.0	4788.061	0.0	0.0	2004255.0000000007	0.0	85.21300000000019	85.21300000000019	1681756.790350822	0.0	98596.20964917823	1683.9899999999989	10554.132599999997	5851.284599999999	5766.071599999998	2026/03/03至2026/03/29
2026/03/30	15039.129999999997	5018.8024000000005	940.892	149.996	6109.6903999999995	4135.039999999998	1746.3599999999988	5063.626399999999	9198.666399999995	-4835.335999999999	1772836.1095890403	102215.78589544407	97380.44989544406	102310.65189544408	102310.65189544408	0.0	0.0	0.0	4930.201999999999	0.0	0.0	2078486.6666666674	0.0	94.86599999999999	94.86599999999999	1743981.348104556	0.0	102310.65189544408	1746.3599999999988	10945.026399999997	6109.6903999999995	6014.824399999999	2026/03/03至2026/03/30
2026/03/31	15039.129999999997	5190.3262	992.3090000000001	155.353	6337.9882	4282.719999999998	1808.7299999999987	5244.470199999999	9527.190199999994	-4997.931999999999	1836151.684931506	105930.22814170993	100932.29614170993	106029.72914170995	106029.72914170995	0.0	0.0	0.0	5097.432999999999	0.0	0.0	2152718.333333334	0.0	99.5010000000002	99.5010000000002	1806201.2708582901	0.0	106029.72914170995	1808.7299999999987	11335.920199999997	6337.9882	6238.487199999999	2026/03/03至2026/03/31
2026/04/01	15039.129999999997	5369.523	1024.075	160.71	6554.308	4430.399999999999	1887.2299999999987	5425.3139999999985	9855.713999999993	-5188.635999999999	1899467.2602739716	109649.3053879758	104460.6693879758	109750.93938797581	109750.93938797581	0.0	0.0	0.0	5290.2699999999995	0.0	0.0	2226950.0000000005	0.0	101.63400000000001	101.63400000000001	1868419.0606120243	0.0	109750.93938797581	1887.2299999999987	11742.943999999996	6554.308	6452.673999999998	2026/03/03至2026/04/01
2026/04/02	15039.129999999997	5552.1918000000005	1049.0810000000001	166.067	6767.3398	4578.079999999999	1965.7299999999987	5606.157799999998	10184.237799999992	-5382.627999999999	1962782.8356164373	113370.51563424166	107987.88763424165	113474.00863424168	113474.00863424168	0.0	0.0	0.0	5486.120999999999	0.0	0.0	2301181.666666667	0.0	103.49299999999994	103.49299999999994	1930634.9913657585	0.0	113474.00863424168	1965.7299999999987	12149.967799999995	6767.3398	6663.846799999998	2026/03/03至2026/04/02
2026/04/03	15039.129999999997	5689.5776000000005	1070.104	171.424	6931.1056	4578.079999999999	2044.2299999999987	5787.001599999998	10365.081599999992	-5478.205999999999	2026098.410958903	117093.58488050752	111615.3788805075	117200.26868050754	117200.26868050754	0.0	0.0	0.0	5584.889799999999	0.0	0.0	2375413.3333333335	0.0	106.68380000000025	106.68380000000025	1992847.7313194927	0.0	117200.26868050754	2044.2299999999987	12409.311599999995	6931.1056	6824.421799999998	2026/03/03至2026/04/03
