日期	虞北平原上河区	虞北平原中河区	余姚平原上河区	慈溪平原西河区	慈溪平原中河区	慈溪平原东河区	余姚平原下河区	余姚平原马渚中河区	日引水量(万m3)	日均引水流量(m3/s)
2026/02/15	11.634	0.0	6.634	14.334	19.264	21.464	5.9239999999999995	0.0	79.25399999999999	9.172916666666666
2026/02/16	12.697	0.0	7.697	15.396999999999998	20.327	22.526999999999997	6.986999999999999	0.0	85.63199999999999	9.91111111111111
2026/02/17	12.906	0.0	7.906000000000001	15.606	20.536	22.735999999999997	7.196	0.1959999999999999	87.082	10.078935185185184
2026/02/18	13.07	0.0	8.07	15.77	20.7	22.9	7.359999999999999	0.3599999999999999	88.22999999999999	10.211805555555554
2026/02/19	13.203	0.053	8.203	15.903	20.833	23.033	7.492999999999999	0.493	89.214	10.325694444444444
2026/02/20	13.311	0.161	8.311	16.011	20.941	23.141	7.600999999999999	0.601	90.078	10.425694444444444
2026/02/21	13.402	0.252	8.402000000000001	16.102	21.032	23.232	7.691999999999999	0.692	90.80599999999998	10.509953703703701
2026/02/22	13.479	0.3289999999999999	8.479	16.179	21.109	23.308999999999997	7.768999999999999	0.7689999999999999	91.422	10.581249999999999
2026/02/23	5.8149999999999995	0.0	2.095	3.604999999999999	2.1950000000000003	1.5450000000000002	0.7450000000000001	0.0	16.0	1.8518518518518516
