日期	丰惠平原区	余姚平原姚江上游区	余姚平原姚江下游区	江北镇海平原区	日引水量(万m3)	日均引水流量(m3/s)
2026/02/15	3.3240000000000007	1.5670000000000002	3.824	39.114	47.82899999999999	5.535763888888888
2026/02/16	4.3870000000000005	2.63	4.887	40.177	52.081	6.0278935185185185
2026/02/17	4.596	2.8390000000000004	5.096	40.386	52.917	6.1246527777777775
2026/02/18	4.760000000000001	3.003	5.26	40.55	53.57299999999999	6.200578703703703
2026/02/19	4.893000000000001	3.136	5.393	40.683	54.105000000000004	6.262152777777778
2026/02/20	5.001	3.244	5.5009999999999994	40.791	54.537	6.3121527777777775
2026/02/21	5.0920000000000005	3.335	5.592	40.882	54.900999999999996	6.354282407407407
2026/02/22	5.1690000000000005	3.412	5.669	40.959	55.209	6.389930555555556
2026/02/23	0.0	0.0	0.155	35.544999999999995	35.699999999999996	4.131944444444444
