日期	虞北平原上河区	虞北平原中河区	余姚平原上河区	慈溪平原西河区	慈溪平原中河区	慈溪平原东河区	余姚平原下河区	余姚平原马渚中河区	丰惠平原区	余姚平原姚江上游区	余姚平原姚江下游区	江北镇海平原区	日引水量(万m3)	日均引水流量(m3/s)
2026/02/15	11.634	0.0	6.634	14.334	19.264	21.464	5.9239999999999995	0.0	3.3240000000000007	1.5670000000000002	3.824	39.114	127.08299999999997	14.708680555555551
2026/02/16	12.697	0.0	7.697	15.396999999999998	20.327	22.526999999999997	6.986999999999999	0.0	4.3870000000000005	2.63	4.887	40.177	137.713	15.939004629629627
2026/02/17	12.906	0.0	7.906000000000001	15.606	20.536	22.735999999999997	7.196	0.1959999999999999	4.596	2.8390000000000004	5.096	40.386	139.999	16.20358796296296
2026/02/18	13.07	0.0	8.07	15.77	20.7	22.9	7.359999999999999	0.3599999999999999	4.760000000000001	3.003	5.26	40.55	141.803	16.41238425925926
2026/02/19	13.203	0.053	8.203	15.903	20.833	23.033	7.492999999999999	0.493	4.893000000000001	3.136	5.393	40.683	143.319	16.58784722222222
2026/02/20	13.311	0.161	8.311	16.011	20.941	23.141	7.600999999999999	0.601	5.001	3.244	5.5009999999999994	40.791	144.615	16.73784722222222
2026/02/21	13.402	0.252	8.402000000000001	16.102	21.032	23.232	7.691999999999999	0.692	5.0920000000000005	3.335	5.592	40.882	145.70699999999997	16.864236111111104
2026/02/22	13.479	0.3289999999999999	8.479	16.179	21.109	23.308999999999997	7.768999999999999	0.7689999999999999	5.1690000000000005	3.412	5.669	40.959	146.631	16.971180555555556
2026/02/23	5.8149999999999995	0.0	2.095	3.604999999999999	2.1950000000000003	1.5450000000000002	0.7450000000000001	0.0	0.0	0.0	0.155	35.544999999999995	51.699999999999996	5.983796296296296
