日期	慈溪平原西河区	慈溪平原中河区	慈溪平原东河区	日引水量(万m3)	日均引水流量(m3/s)
2026/02/15	14.334	19.264	21.464	55.062	6.372916666666666
2026/02/16	15.396999999999998	20.327	22.526999999999997	58.251000000000005	6.742013888888889
2026/02/17	15.606	20.536	22.735999999999997	58.878	6.814583333333333
2026/02/18	15.77	20.7	22.9	59.37	6.871527777777777
2026/02/19	15.903	20.833	23.033	59.769	6.917708333333333
2026/02/20	16.011	20.941	23.141	60.092999999999996	6.955208333333332
2026/02/21	16.102	21.032	23.232	60.366	6.986805555555555
2026/02/22	16.179	21.109	23.308999999999997	60.596999999999994	7.013541666666666
2026/02/23	3.604999999999999	2.1950000000000003	1.5450000000000002	7.344999999999999	0.8501157407407406
