日期	平原产水	其他外供	河网供水	水库供水	合计来水	农业需水	其他生态需水	非农需水	需水量	生态需水	总需水量	净流量	目标容积	日初容积	日中容积	日末容积	排末容积	初河蓄水	蓄水消后	缺水(浙东需供)	末河蓄水	排河蓄水	排水容积	河区排水	容积变化	排后变化	纳蓄能力	低水位以上蓄水量	总蓄水量	水位生态需水	本地可供水量
2026/03/03	9.59	0.0	2.526	0.0	2.526	6.45	4.45	1.7951	8.2451	4.45	12.6951	-10.1691	852.0	0.0	-10.1691	0.0	0.0	0.0	0.0	10.1691	0.0	0.0	946.0	0.0	-10.1691	-10.1691	852.0	0.0	0.0	0.0	2.526
2026/03/04	0.0	0.0	1.463	0.0	1.463	6.45	4.45	1.7951	8.2451	4.45	12.6951	-11.2321	852.0	0.0	-11.2321	0.0	0.0	0.0	0.0	11.2321	0.0	0.0	946.0	0.0	-11.2321	-11.2321	852.0	0.0	0.0	0.0	1.463
2026/03/05	31.3	0.0	1.254	0.0	1.254	6.45	4.45	1.7951	8.2451	4.45	12.6951	-11.4411	852.0	0.0	-11.4411	0.0	0.0	0.0	0.0	11.4411	0.0	0.0	946.0	0.0	-11.4411	-11.4411	852.0	0.0	0.0	0.0	1.254
2026/03/06	0.85	0.0	1.09	0.0	1.09	6.45	4.45	1.7951	8.2451	4.45	12.6951	-11.6051	852.0	0.0	-11.6051	0.0	0.0	0.0	0.0	11.6051	0.0	0.0	946.0	0.0	-11.6051	-11.6051	852.0	0.0	0.0	0.0	1.09
2026/03/07	0.56	0.0	0.959	0.0	0.959	6.45	4.45	1.7951	8.2451	4.45	12.6951	-11.7361	852.0	0.0	-11.7361	0.0	0.0	0.0	0.0	11.7361	0.0	0.0	946.0	0.0	-11.7361	-11.7361	852.0	0.0	0.0	0.0	0.959
2026/03/08	5.36	0.0	0.866	0.0	0.866	6.45	4.45	1.7951	8.2451	4.45	12.6951	-11.8291	852.0	0.0	-11.8291	0.0	0.0	0.0	0.0	11.8291	0.0	0.0	946.0	0.0	-11.8291	-11.8291	852.0	0.0	0.0	0.0	0.866
2026/03/09	2.54	0.0	0.791	0.0	0.791	6.45	4.45	1.7951	8.2451	4.45	12.6951	-11.9041	852.0	0.0	-11.9041	0.0	0.0	0.0	0.0	11.9041	0.0	0.0	946.0	0.0	-11.9041	-11.9041	852.0	0.0	0.0	0.0	0.791
2026/03/10	5.36	0.0	0.738	0.0	0.738	6.45	4.45	1.7951	8.2451	4.45	12.6951	-11.9571	852.0	0.0	-11.9571	0.0	0.0	0.0	0.0	11.9571	0.0	0.0	946.0	0.0	-11.9571	-11.9571	852.0	0.0	0.0	0.0	0.738
2026/03/11	41.4	0.0	0.778	0.0	0.778	6.45	4.45	1.7951	8.2451	4.45	12.6951	-11.9171	852.0	0.0	-11.9171	0.0	0.0	0.0	0.0	11.9171	0.0	0.0	946.0	0.0	-11.9171	-11.9171	852.0	0.0	0.0	0.0	0.778
2026/03/12	21.11	0.0	0.823	0.0	0.823	6.45	4.45	1.7951	8.2451	4.45	12.6951	-11.8721	852.0	0.0	-11.8721	0.0	0.0	0.0	0.0	11.8721	0.0	0.0	946.0	0.0	-11.8721	-11.8721	852.0	0.0	0.0	0.0	0.823
2026/03/13	1.41	0.0	0.83	0.0	0.83	6.45	4.45	1.7951	8.2451	4.45	12.6951	-11.8651	852.0	0.0	-11.8651	0.0	0.0	0.0	0.0	11.8651	0.0	0.0	946.0	0.0	-11.8651	-11.8651	852.0	0.0	0.0	0.0	0.83
2026/03/14	1.69	0.0	0.816	0.0	0.816	6.45	4.45	1.7951	8.2451	4.45	12.6951	-11.8791	852.0	0.0	-11.8791	0.0	0.0	0.0	0.0	11.8791	0.0	0.0	946.0	0.0	-11.8791	-11.8791	852.0	0.0	0.0	0.0	0.816
2026/03/15	19.32	0.0	0.827	0.0	0.827	6.45	4.45	1.7951	8.2451	4.45	12.6951	-11.8681	852.0	0.0	-11.8681	0.0	0.0	0.0	0.0	11.8681	0.0	0.0	946.0	0.0	-11.8681	-11.8681	852.0	0.0	0.0	0.0	0.827
2026/03/16	0.0	0.0	0.809	0.0	0.809	6.45	4.45	1.7951	8.2451	4.45	12.6951	-11.8861	852.0	0.0	-11.8861	0.0	0.0	0.0	0.0	11.8861	0.0	0.0	946.0	0.0	-11.8861	-11.8861	852.0	0.0	0.0	0.0	0.809
2026/03/17	0.0	0.0	0.775	0.0	0.775	6.45	4.45	1.7951	8.2451	4.45	12.6951	-11.9201	852.0	0.0	-11.9201	0.0	0.0	0.0	0.0	11.9201	0.0	0.0	946.0	0.0	-11.9201	-11.9201	852.0	0.0	0.0	0.0	0.775
2026/03/18	0.0	0.0	0.731	0.0	0.731	6.45	4.45	1.7951	8.2451	4.45	12.6951	-11.9641	852.0	0.0	-11.9641	0.0	0.0	0.0	0.0	11.9641	0.0	0.0	946.0	0.0	-11.9641	-11.9641	852.0	0.0	0.0	0.0	0.731
2026/03/19	0.0	0.0	0.684	0.0	0.684	6.45	4.45	1.7951	8.2451	4.45	12.6951	-12.0111	852.0	0.0	-12.0111	0.0	0.0	0.0	0.0	12.0111	0.0	0.0	946.0	0.0	-12.0111	-12.0111	852.0	0.0	0.0	0.0	0.684
2026/03/20	87.73	0.0	1.159	0.0	1.159	6.45	4.45	1.7951	8.2451	4.45	12.6951	-11.5361	852.0	0.0	-11.5361	0.0	0.0	0.0	0.0	11.5361	0.0	0.0	946.0	0.0	-11.5361	-11.5361	852.0	0.0	0.0	0.0	1.159
2026/03/21	79.4	0.0	3.359	0.0	3.359	6.45	4.45	1.7951	8.2451	4.45	12.6951	-9.3361	852.0	0.0	-9.3361	0.0	0.0	0.0	0.0	9.3361	0.0	0.0	946.0	0.0	-9.3361	-9.3361	852.0	0.0	0.0	0.0	3.359
2026/03/22	0.28	0.0	1.727	0.0	1.727	6.45	4.45	1.7951	8.2451	4.45	12.6951	-10.9681	852.0	0.0	-10.9681	0.0	0.0	0.0	0.0	10.9681	0.0	0.0	946.0	0.0	-10.9681	-10.9681	852.0	0.0	0.0	0.0	1.727
2026/03/23	3.95	0.0	1.213	0.0	1.213	6.45	4.45	1.7951	8.2451	4.45	12.6951	-11.4821	852.0	0.0	-11.4821	0.0	0.0	0.0	0.0	11.4821	0.0	0.0	946.0	0.0	-11.4821	-11.4821	852.0	0.0	0.0	0.0	1.213
2026/03/24	69.88	0.0	3.487	0.0	3.487	6.45	4.45	1.7951	8.2451	4.45	12.6951	-9.2081	852.0	0.0	-9.2081	0.0	0.0	0.0	0.0	9.2081	0.0	0.0	946.0	0.0	-9.2081	-9.2081	852.0	0.0	0.0	0.0	3.487
2026/03/25	0.28	0.0	1.823	0.0	1.823	6.45	4.45	1.7951	8.2451	4.45	12.6951	-10.8721	852.0	0.0	-10.8721	0.0	0.0	0.0	0.0	10.8721	0.0	0.0	946.0	0.0	-10.8721	-10.8721	852.0	0.0	0.0	0.0	1.823
2026/03/26	66.31	0.0	3.981	0.0	3.981	6.45	4.45	1.7951	8.2451	4.45	12.6951	-8.7141	852.0	0.0	-8.7141	0.0	0.0	0.0	0.0	8.7141	0.0	0.0	946.0	0.0	-8.7141	-8.7141	852.0	0.0	0.0	0.0	3.981
2026/03/27	76.42	0.0	5.858	0.0	5.858	6.45	4.45	1.7951	8.2451	4.45	12.6951	-6.8371	852.0	0.0	-6.8371	0.0	0.0	0.0	0.0	6.8371	0.0	0.0	946.0	0.0	-6.8371	-6.8371	852.0	0.0	0.0	0.0	5.858
2026/03/28	5.64	0.0	3.588	0.0	3.588	6.45	4.45	1.7951	8.2451	4.45	12.6951	-9.1071	852.0	0.0	-9.1071	0.0	0.0	0.0	0.0	9.1071	0.0	0.0	946.0	0.0	-9.1071	-9.1071	852.0	0.0	0.0	0.0	3.588
2026/03/29	41.92	0.0	4.368	0.0	4.368	6.45	4.45	1.7951	8.2451	4.45	12.6951	-8.3271	852.0	0.0	-8.3271	0.0	0.0	0.0	0.0	8.3271	0.0	0.0	946.0	0.0	-8.3271	-8.3271	852.0	0.0	0.0	0.0	4.368
2026/03/30	47.28	0.0	5.227	0.0	5.227	6.45	4.45	1.7951	8.2451	4.45	12.6951	-7.4681	852.0	0.0	-7.4681	0.0	0.0	0.0	0.0	7.4681	0.0	0.0	946.0	0.0	-7.4681	-7.4681	852.0	0.0	0.0	0.0	5.227
2026/03/31	0.0	0.0	2.718	0.0	2.718	6.45	4.45	1.7951	8.2451	4.45	12.6951	-9.9771	852.0	0.0	-9.9771	0.0	0.0	0.0	0.0	9.9771	0.0	0.0	946.0	0.0	-9.9771	-9.9771	852.0	0.0	0.0	0.0	2.718
2026/04/01	0.0	0.0	1.484	0.0	1.484	6.45	6.27	1.7951	8.2451	6.27	14.5151	-13.0311	852.0	0.0	-13.0311	0.0	0.0	0.0	0.0	13.0311	0.0	0.0	946.0	0.0	-13.0311	-13.0311	852.0	0.0	0.0	0.0	1.484
2026/04/02	0.0	0.0	1.21	0.0	1.21	6.45	6.27	1.7951	8.2451	6.27	14.5151	-13.3051	852.0	0.0	-13.3051	0.0	0.0	0.0	0.0	13.3051	0.0	0.0	946.0	0.0	-13.3051	-13.3051	852.0	0.0	0.0	0.0	1.21
2026/04/03	0.0	0.0	1.097	0.0	1.097	0.0	6.27	1.7951	1.7951	6.27	8.0651	-6.9681	852.0	0.0	-6.9681	0.0	0.0	0.0	0.0	6.9681	0.0	0.0	946.0	0.0	-6.9681	-6.9681	852.0	0.0	0.0	0.0	1.097
