日期	余姚平原上河区	慈溪平原西河区	慈溪平原中河区	慈溪平原东河区	日引水量(万m3)	日均引水流量(m3/s)
2026/02/15	6.634	14.334	19.264	21.464	61.696	7.14074074074074
2026/02/16	7.697	15.396999999999998	20.327	22.526999999999997	65.948	7.6328703703703695
2026/02/17	7.906000000000001	15.606	20.536	22.735999999999997	66.78399999999999	7.7296296296296285
2026/02/18	8.07	15.77	20.7	22.9	67.44	7.8055555555555545
2026/02/19	8.203	15.903	20.833	23.033	67.97200000000001	7.8671296296296305
2026/02/20	8.311	16.011	20.941	23.141	68.404	7.9171296296296285
2026/02/21	8.402000000000001	16.102	21.032	23.232	68.768	7.959259259259259
2026/02/22	8.479	16.179	21.109	23.308999999999997	69.076	7.994907407407406
2026/02/23	2.095	3.604999999999999	2.1950000000000003	1.5450000000000002	9.44	1.0925925925925926
