日期	平原产水	其他外供	河网供水	水库供水	合计来水	农业需水	其他生态需水	非农需水	需水量	净流量	目标容积	日初容积	日中容积	日末容积	排末容积	水位生态需水	初河蓄水	蓄水消后	缺水(浙东需供)	末河蓄水	排河蓄水	排水容积	河区排水	容积变化	排后变化	纳蓄能力	低水位以上蓄水量	总蓄水量	生态需水	总需水量	本地可供水量	展示本地可供水量	累积时段
2026/03/03	252.50000000000003	169.9758	39.17099999999999	5.357	214.5038000000001	147.68	50.879999999999995	180.84380000000002	328.5238	-164.89999999999998	62969.0	3273.0009038001053	3108.1009038001052	3277.2519038001055	3277.2519038001055	0.0	0.0	0.0	169.151	0.0	0.0	72286.0	0.0	4.251000000000204	4.251000000000204	60930.74809619991	0.0	3277.2519038001055	50.879999999999995	379.4038	214.5038000000001	210.25279999999998	2026/03/03至2026/03/03
2026/03/04	271.12	340.4796	65.058	10.714	416.25160000000005	295.36	101.75999999999999	361.68760000000003	657.0476	-342.556	125938.0	6550.252807600211	6207.696807600211	6556.765807600212	6556.765807600212	0.0	0.0	0.0	349.069	0.0	0.0	144572.0	0.0	6.513000000000375	6.513000000000375	121859.23419239982	0.0	6556.765807600212	101.75999999999999	758.8076	416.25160000000005	409.73859999999996	2026/03/03至2026/03/04
2026/03/05	1019.9600000000003	512.5644	86.85600000000001	16.071	615.4914	443.04	152.64	542.5314000000001	985.5714	-522.72	188907.0	9829.766711400316	9307.046711400317	9838.332711400317	9838.332711400317	0.0	0.0	0.0	531.2860000000001	0.0	0.0	216858.0	0.0	8.566000000000258	8.566000000000258	182785.6672885997	0.0	9838.332711400317	152.64	1138.2114	615.4914	606.9254	2026/03/03至2026/03/05
2026/03/06	1040.8700000000003	686.2511999999999	105.084	21.428	812.7632000000001	590.72	203.51999999999998	723.3752000000001	1314.0952	-704.8520000000001	251876.0	13111.333615200421	12406.481615200422	13121.788615200423	13121.788615200423	0.0	0.0	0.0	715.307	0.0	0.0	289144.0	0.0	10.455000000000382	10.455000000000382	243710.21138479962	0.0	13121.788615200423	203.51999999999998	1517.6152	812.7632000000001	802.3081999999999	2026/03/03至2026/03/06
2026/03/07	1104.4800000000002	861.012	120.666	26.785	1008.4630000000002	738.4000000000001	254.39999999999998	904.219	1642.619	-888.556	314845.0	16394.789519000526	15506.233519000529	16407.00251900053	16407.00251900053	0.0	0.0	0.0	900.769	0.0	0.0	361430.0	0.0	12.213000000000193	12.213000000000193	304632.99748099956	0.0	16407.00251900053	254.39999999999998	1897.019	1008.4630000000002	996.25	2026/03/03至2026/03/07
2026/03/08	1323.8200000000002	1036.0638	134.84099999999998	32.142	1203.0468000000003	886.0800000000002	305.28	1085.0628000000002	1971.1427999999999	-1073.376	377814.0	19680.00342280063	18606.627422800633	19693.881422800634	19693.881422800634	0.0	0.0	0.0	1087.254	0.0	0.0	433716.0	0.0	13.878000000000156	13.878000000000156	365554.11857719946	0.0	19693.881422800634	305.28	2276.4228	1203.0468000000003	1189.1688	2026/03/03至2026/03/08
2026/03/09	1377.2200000000003	1211.7305999999999	147.50099999999998	37.499	1396.7306000000003	1033.7600000000002	356.15999999999997	1265.9066000000003	2299.6666	-1259.096	440783.0	22966.882326600735	21707.78632660074	22982.35032660074	22982.35032660074	0.0	0.0	0.0	1274.5639999999999	0.0	0.0	506002.0	0.0	15.468000000000302	15.468000000000302	426473.6496733994	0.0	22982.35032660074	356.15999999999997	2655.8266	1396.7306000000003	1381.2626	2026/03/03至2026/03/09
2026/03/10	1651.6400000000003	1387.1603999999998	159.76199999999997	42.856	1589.7784000000004	1181.4400000000003	407.03999999999996	1446.7504000000004	2628.1904	-1445.452	503752.0	26255.35123040084	24809.899230400846	26272.356230400845	26272.356230400845	0.0	0.0	0.0	1462.4569999999999	0.0	0.0	578288.0	0.0	17.00500000000011	17.00500000000011	487391.6437695993	0.0	26272.356230400845	407.03999999999996	3035.2304	1589.7784000000004	1572.7734	2026/03/03至2026/03/10
2026/03/11	2819.5	1560.9701999999997	174.123	48.213	1783.3062000000002	1329.1200000000003	457.91999999999996	1627.5942000000005	2956.7142	-1631.328	566721.0	29545.357134200945	27914.02913420095	29563.93913420095	29563.93913420095	0.0	0.0	0.0	1649.9099999999999	0.0	0.0	650574.0	0.0	18.582000000000335	18.582000000000335	548308.0608657992	0.0	29563.93913420095	457.91999999999996	3414.6342	1783.3062000000002	1764.7242	2026/03/03至2026/03/11
2026/03/12	3343.4700000000003	1734.0989999999997	189.70499999999998	53.57	1977.3740000000003	1476.8000000000004	508.79999999999995	1808.4380000000006	3285.238	-1816.664	629690.0	32836.94003800105	31020.27603800106	32857.14403800105	32857.14403800105	0.0	0.0	0.0	1836.868	0.0	0.0	722860.0	0.0	20.20400000000018	20.20400000000018	609222.8559619992	0.0	32857.14403800105	508.79999999999995	3794.038	1977.3740000000003	1957.17	2026/03/03至2026/03/12
2026/03/13	3375.21	1907.9057999999998	204.69299999999998	58.927	2171.5258000000003	1624.4800000000005	559.68	1989.2818000000007	3613.7617999999998	-2001.916	692659.0	36130.144941801154	34128.228941801164	36151.97794180116	36151.97794180116	0.0	0.0	0.0	2023.7489999999998	0.0	0.0	795146.0	0.0	21.833000000000084	21.833000000000084	670136.022058199	0.0	36151.97794180116	559.68	4173.4418	2171.5258000000003	2149.6928000000003	2026/03/03至2026/03/13
2026/03/14	3460.48	2082.2886	218.93699999999998	64.284	2365.5096000000003	1772.1600000000005	610.56	2170.1256000000008	3942.2855999999997	-2187.336	755628.0	39424.97884560126	37237.64284560127	39448.426845601265	39448.426845601265	0.0	0.0	0.0	2210.7839999999997	0.0	0.0	867432.0	0.0	23.44800000000032	23.44800000000032	731047.5731543989	0.0	39448.426845601265	610.56	4552.8456	2365.5096000000003	2342.0616000000005	2026/03/03至2026/03/14
2026/03/15	4028.7000000000003	2256.0564	233.928	69.641	2559.6254000000004	1919.8400000000006	661.4399999999999	2350.969400000001	4270.8094	-2372.624	818597.0	42721.427749401366	40348.80374940138	42746.501749401374	42746.501749401374	0.0	0.0	0.0	2397.6979999999994	0.0	0.0	939718.0	0.0	25.07400000000007	25.07400000000007	791957.4982505988	0.0	42746.501749401374	661.4399999999999	4932.2494	2559.6254000000004	2534.5514000000003	2026/03/03至2026/03/15
2026/03/16	4028.7000000000003	2430.4991999999997	248.028	74.998	2753.5252000000005	2067.5200000000004	712.3199999999999	2531.813200000001	4599.3332	-2558.1279999999997	881566.0	46019.502653201474	43461.374653201485	46046.18465320148	46046.18465320148	0.0	0.0	0.0	2584.8099999999995	0.0	0.0	1012004.0	0.0	26.682000000000244	26.682000000000244	852865.8153467987	0.0	46046.18465320148	712.3199999999999	5311.6532	2753.5252000000005	2726.8432000000003	2026/03/03至2026/03/16
2026/03/17	4028.7000000000003	2605.866	260.796	80.355	2947.0170000000007	2215.2000000000003	763.1999999999999	2712.657000000001	4927.857	-2744.0399999999995	944535.0	49319.18555700158	46575.14555700159	49347.441557001584	49347.441557001584	0.0	0.0	0.0	2772.2959999999994	0.0	0.0	1084290.0	0.0	28.256000000000313	28.256000000000313	913772.5584429987	0.0	49347.441557001584	763.1999999999999	5691.057	2947.0170000000007	2918.7610000000004	2026/03/03至2026/03/17
2026/03/18	4028.7000000000003	2782.0668	272.202	85.712	3139.9808000000007	2362.88	814.0799999999999	2893.500800000001	5256.3808	-2930.4799999999996	1007504.0	52620.442460801685	49689.9624608017	52650.22846080169	52650.22846080169	0.0	0.0	0.0	2960.265999999999	0.0	0.0	1156576.0	0.0	29.786000000000058	29.786000000000058	974677.7715391986	0.0	52650.22846080169	814.0799999999999	6070.4608	3139.9808000000007	3110.1948	2026/03/03至2026/03/18
2026/03/19	4069.05	2958.5766	282.735	91.069	3332.380600000001	2510.56	864.9599999999999	3074.3446000000013	5584.9046	-3117.4839999999995	1070473.0	55923.22936460179	52805.745364601804	55954.4983646018	55954.4983646018	0.0	0.0	0.0	3148.7529999999992	0.0	0.0	1228862.0	0.0	31.269000000000233	31.269000000000233	1035581.5016353985	0.0	55954.4983646018	864.9599999999999	6449.8646	3332.380600000001	3301.1116	2026/03/03至2026/03/19
2026/03/20	5354.33	3135.0443999999998	299.01	96.426	3530.480400000001	2658.24	915.8399999999999	3255.1884000000014	5913.4284	-3298.7879999999996	1133442.0	59227.4992684019	55928.71126840191	59260.72626840191	59260.72626840191	0.0	0.0	0.0	3332.0149999999994	0.0	0.0	1301148.0	0.0	33.22700000000032	33.22700000000032	1096483.2737315984	0.0	59260.72626840191	915.8399999999999	6829.2684	3530.480400000001	3497.2534	2026/03/03至2026/03/20
2026/03/21	7533.9400000000005	3304.0512	349.146	101.783	3754.980200000001	2805.9199999999996	966.7199999999999	3436.0322000000015	6241.9522	-3453.6919999999996	1196411.0	62533.72717220201	59080.03517220201	62572.871172202016	62572.871172202016	0.0	0.0	0.0	3492.8359999999993	0.0	0.0	1373434.0	0.0	39.14400000000023	39.14400000000023	1157379.1288277982	0.0	62572.871172202016	966.7199999999999	7208.6722	3754.980200000001	3715.8362	2026/03/03至2026/03/21
2026/03/22	7537.820000000001	3472.611	380.14500000000004	107.14	3959.896000000001	2953.5999999999995	1017.5999999999999	3616.8760000000016	6570.476	-3628.1799999999994	1259380.0	65845.87207600211	62217.69207600212	65887.66907600212	65887.66907600212	0.0	0.0	0.0	3669.9769999999994	0.0	0.0	1445720.0	0.0	41.797000000000025	41.797000000000025	1218272.330923998	0.0	65887.66907600212	1017.5999999999999	7588.076	3959.896000000001	3918.099	2026/03/03至2026/03/22
2026/03/23	7591.950000000001	3642.8148	403.33200000000005	112.497	4158.643800000001	3101.2799999999993	1068.48	3797.7198000000017	6898.9998	-3808.8359999999993	1322349.0	69160.66997980222	65351.83397980222	69204.47897980222	69204.47897980222	0.0	0.0	0.0	3852.6449999999995	0.0	0.0	1518006.0	0.0	43.8090000000002	43.8090000000002	1279163.521020198	0.0	69204.47897980222	1068.48	7967.4798	4158.643800000001	4114.8348000000005	2026/03/03至2026/03/23
2026/03/24	9320.32	3807.5916	459.2340000000001	117.854	4384.6796	3248.959999999999	1119.3600000000001	3978.5636000000018	7227.5235999999995	-3962.2039999999993	1385318.0	72477.47988360233	68515.27588360233	72527.46188360233	72527.46188360233	0.0	0.0	0.0	4012.1859999999997	0.0	0.0	1590292.0	0.0	49.98199999999997	49.98199999999997	1340048.5381163978	0.0	72527.46188360233	1119.3600000000001	8346.8836	4384.6796	4334.6976	2026/03/03至2026/03/24
2026/03/25	9339.71	3972.9864000000002	494.55000000000007	123.211	4590.7474	3396.639999999999	1170.2400000000002	4159.407400000002	7556.0473999999995	-4135.539999999999	1448287.0	75800.46278740243	71664.92278740244	75853.28978740243	75853.28978740243	0.0	0.0	0.0	4188.366999999999	0.0	0.0	1662578.0	0.0	52.827000000000226	52.827000000000226	1400930.7102125976	0.0	75853.28978740243	1170.2400000000002	8726.2874	4590.7474	4537.920400000001	2026/03/03至2026/03/25
2026/03/26	11081.509999999998	4131.586200000001	562.557	128.568	4822.7112	3544.319999999999	1221.1200000000003	4340.2512000000015	7884.571199999999	-4282.979999999999	1511256.0	79126.29069120254	74843.31069120254	79186.27869120255	79186.27869120255	0.0	0.0	0.0	4342.967999999999	0.0	0.0	1734864.0	0.0	59.988000000000284	59.988000000000284	1461805.7213087976	0.0	79186.27869120255	1221.1200000000003	9105.6912	4822.7112	4762.723200000001	2026/03/03至2026/03/26
2026/03/27	12890.129999999997	4279.908	663.366	133.925	5077.199	3691.9999999999986	1272.0000000000005	4521.095000000001	8213.095	-4407.895999999999	1574225.0	82459.27959500265	78051.38359500264	82530.18259500265	82530.18259500265	0.0	0.0	0.0	4478.798999999999	0.0	0.0	1807150.0	0.0	70.90300000000025	70.90300000000025	1522669.8174049975	0.0	82530.18259500265	1272.0000000000005	9485.095	5077.199	5006.296000000001	2026/03/03至2026/03/27
2026/03/28	13014.009999999997	4435.660800000001	729.504	139.282	5304.4468	3839.6799999999985	1322.8800000000006	4701.938800000001	8541.6188	-4560.051999999999	1637194.0	85803.18349880275	81243.13149880274	85880.46149880276	85880.46149880276	0.0	0.0	0.0	4637.329999999999	0.0	0.0	1879436.0	0.0	77.27800000000025	77.27800000000025	1583527.5385011975	0.0	85880.46149880276	1322.8800000000006	9864.4988	5304.4468	5227.168800000001	2026/03/03至2026/03/28
2026/03/29	13963.009999999997	4593.0636	803.3520000000001	144.639	5541.0545999999995	3987.3599999999983	1373.7600000000007	4882.7826000000005	8870.142600000001	-4702.847999999999	1700163.0	89153.46240260286	84450.61440260285	89238.67540260286	89238.67540260286	0.0	0.0	0.0	4788.060999999999	0.0	0.0	1951722.0	0.0	85.21300000000019	85.21300000000019	1644377.3245973974	0.0	89238.67540260286	1373.7600000000007	10243.9026	5541.0545999999995	5455.841600000002	2026/03/03至2026/03/29
2026/03/30	15039.129999999997	4749.6324	888.3420000000001	149.996	5787.970399999999	4135.039999999998	1424.6400000000008	5063.6264	9198.666400000002	-4835.335999999999	1763132.0	92511.67630640297	87676.34030640296	92606.54230640297	92606.54230640297	0.0	0.0	0.0	4930.201999999998	0.0	0.0	2024008.0	0.0	94.86599999999999	94.86599999999999	1705217.4576935973	0.0	92606.54230640297	1424.6400000000008	10623.3064	5787.970399999999	5693.104400000002	2026/03/03至2026/03/30
2026/03/31	15039.129999999997	4912.3842	937.0410000000002	155.353	6004.778199999999	4282.719999999998	1475.520000000001	5244.4702	9527.190200000003	-4997.931999999999	1826101.0	95879.54321020308	90881.61121020306	95979.04421020308	95979.04421020308	0.0	0.0	0.0	5097.432999999998	0.0	0.0	2096294.0	0.0	99.5010000000002	99.5010000000002	1766052.9557897972	0.0	95979.04421020308	1475.520000000001	11002.7102	6004.778199999999	5905.277200000002	2026/03/03至2026/03/31
2026/04/01	15039.129999999997	5081.575000000001	967.3230000000002	160.71	6209.607999999999	4430.399999999999	1542.5300000000009	5425.313999999999	9855.714000000004	-5188.635999999999	1889070.0	99252.04511400318	94063.40911400317	99353.67911400319	99353.67911400319	0.0	0.0	0.0	5290.269999999999	0.0	0.0	2168580.0	0.0	101.63400000000001	101.63400000000001	1826886.3208859973	0.0	99353.67911400319	1542.5300000000009	11398.243999999999	6209.607999999999	6107.974000000002	2026/03/03至2026/04/01
2026/04/02	15039.129999999997	5253.9638	991.1190000000003	166.067	6411.149799999999	4578.079999999999	1609.5400000000009	5606.157799999999	10184.237800000004	-5382.627999999999	1952039.0	102626.68001780329	97244.05201780327	102730.17301780329	102730.17301780329	0.0	0.0	0.0	5486.120999999998	0.0	0.0	2240866.0	0.0	103.4930000000004	103.4930000000004	1887717.8269821971	0.0	102730.17301780329	1609.5400000000009	11793.777799999998	6411.149799999999	6307.6568000000025	2026/03/03至2026/04/02
2026/04/03	15039.129999999997	5380.9566	1011.0450000000003	171.424	6563.4256	4578.079999999999	1676.5500000000009	5787.001599999999	10365.081600000005	-5478.205999999999	2015008.0	106003.17392160339	100524.96792160338	106109.85772160339	106109.85772160339	0.0	0.0	0.0	5584.889799999998	0.0	0.0	2313152.0	0.0	106.68380000000025	106.68380000000025	1948546.142278397	0.0	106109.85772160339	1676.5500000000009	12041.631599999999	6563.4256	6456.7418000000025	2026/03/03至2026/04/03
