日期	合计来水	需水量	其他生态需水	水位生态需水	生态需水	总需水量	净流量	目标容积	日初容积	日中容积	日末容积	排末容积	初河蓄水	蓄水消后	缺水(浙东需供)	末河蓄水	排河蓄水	排水容积	河区排水	容积变化	排后变化	纳蓄能力	低水位以上蓄水量	总蓄水量
2026/02/15	3.476	5.58	1.72	0.0	1.72	7.3	-3.824	2447.0	854.4715447154472	850.6475447154472	854.4715447154472	854.4715447154472	0.0	0.0	3.824	0.0	0.0	2688.0	0.0	-3.824	-3.824	1592.5284552845528	0.0	854.4715447154472
2026/02/16	2.4130000000000003	5.58	1.72	0.0	1.72	7.3	-4.887	2447.0	854.4715447154472	849.5845447154472	854.4715447154472	854.4715447154472	0.0	0.0	4.887	0.0	0.0	2688.0	0.0	-4.887	-4.887	1592.5284552845528	0.0	854.4715447154472
2026/02/17	2.2039999999999997	5.58	1.72	0.0	1.72	7.3	-5.096	2447.0	854.4715447154472	849.3755447154472	854.4715447154472	854.4715447154472	0.0	0.0	5.096	0.0	0.0	2688.0	0.0	-5.096	-5.096	1592.5284552845528	0.0	854.4715447154472
2026/02/18	2.04	5.58	1.72	0.0	1.72	7.3	-5.26	2447.0	854.4715447154472	849.2115447154472	854.4715447154472	854.4715447154472	0.0	0.0	5.26	0.0	0.0	2688.0	0.0	-5.26	-5.26	1592.5284552845528	0.0	854.4715447154472
2026/02/19	1.907	5.58	1.72	0.0	1.72	7.3	-5.393	2447.0	854.4715447154472	849.0785447154472	854.4715447154472	854.4715447154472	0.0	0.0	5.393	0.0	0.0	2688.0	0.0	-5.393	-5.393	1592.5284552845528	0.0	854.4715447154472
2026/02/20	1.799	5.58	1.72	0.0	1.72	7.3	-5.5009999999999994	2447.0	854.4715447154472	848.9705447154472	854.4715447154472	854.4715447154472	0.0	0.0	5.5009999999999994	0.0	0.0	2688.0	0.0	-5.5009999999999994	-5.5009999999999994	1592.5284552845528	0.0	854.4715447154472
2026/02/21	1.708	5.58	1.72	0.0	1.72	7.3	-5.592	2447.0	854.4715447154472	848.8795447154472	854.4715447154472	854.4715447154472	0.0	0.0	5.592	0.0	0.0	2688.0	0.0	-5.592	-5.592	1592.5284552845528	0.0	854.4715447154472
2026/02/22	1.631	5.58	1.72	0.0	1.72	7.3	-5.669	2447.0	854.4715447154472	848.8025447154472	854.4715447154472	854.4715447154472	0.0	0.0	5.669	0.0	0.0	2688.0	0.0	-5.669	-5.669	1592.5284552845528	0.0	854.4715447154472
2026/02/23	1.565	0.0	1.72	0.0	1.72	1.72	-0.15500000000000003	2447.0	854.4715447154472	854.3165447154472	854.4715447154472	854.4715447154472	0.0	0.0	0.15500000000000003	0.0	0.0	2688.0	0.0	-0.15500000000000003	-0.15500000000000003	1592.5284552845528	0.0	854.4715447154472
