日期	合计来水	需水量	其他生态需水	水位生态需水	生态需水	总需水量	净流量	目标容积	日初容积	日中容积	日末容积	排末容积	初河蓄水	蓄水消后	缺水(浙东需供)	末河蓄水	排河蓄水	排水容积	河区排水	容积变化	排后变化	纳蓄能力	低水位以上蓄水量	总蓄水量
2026/02/15	6.933	6.73	1.77	0.0	1.77	8.5	-1.5670000000000002	3006.0	757.3426573426573	755.7756573426573	757.3426573426573	757.3426573426573	0.0	0.0	1.5670000000000002	0.0	0.0	3497.0	0.0	-1.5670000000000002	-1.5670000000000002	2248.6573426573427	0.0	757.3426573426573
2026/02/16	5.87	6.73	1.77	0.0	1.77	8.5	-2.63	3006.0	757.3426573426573	754.7126573426573	757.3426573426573	757.3426573426573	0.0	0.0	2.63	0.0	0.0	3497.0	0.0	-2.63	-2.63	2248.6573426573427	0.0	757.3426573426573
2026/02/17	5.661	6.73	1.77	0.0	1.77	8.5	-2.8390000000000004	3006.0	757.3426573426573	754.5036573426572	757.3426573426573	757.3426573426573	0.0	0.0	2.8390000000000004	0.0	0.0	3497.0	0.0	-2.8390000000000004	-2.8390000000000004	2248.6573426573427	0.0	757.3426573426573
2026/02/18	5.497	6.73	1.77	0.0	1.77	8.5	-3.003	3006.0	757.3426573426573	754.3396573426572	757.3426573426573	757.3426573426573	0.0	0.0	3.003	0.0	0.0	3497.0	0.0	-3.003	-3.003	2248.6573426573427	0.0	757.3426573426573
2026/02/19	5.364	6.73	1.77	0.0	1.77	8.5	-3.136	3006.0	757.3426573426573	754.2066573426573	757.3426573426573	757.3426573426573	0.0	0.0	3.136	0.0	0.0	3497.0	0.0	-3.136	-3.136	2248.6573426573427	0.0	757.3426573426573
2026/02/20	5.256	6.73	1.77	0.0	1.77	8.5	-3.2439999999999998	3006.0	757.3426573426573	754.0986573426572	757.3426573426573	757.3426573426573	0.0	0.0	3.2439999999999998	0.0	0.0	3497.0	0.0	-3.2439999999999998	-3.2439999999999998	2248.6573426573427	0.0	757.3426573426573
2026/02/21	5.165	6.73	1.77	0.0	1.77	8.5	-3.335	3006.0	757.3426573426573	754.0076573426572	757.3426573426573	757.3426573426573	0.0	0.0	3.335	0.0	0.0	3497.0	0.0	-3.335	-3.335	2248.6573426573427	0.0	757.3426573426573
2026/02/22	5.088	6.73	1.77	0.0	1.77	8.5	-3.412	3006.0	757.3426573426573	753.9306573426572	757.3426573426573	757.3426573426573	0.0	0.0	3.412	0.0	0.0	3497.0	0.0	-3.412	-3.412	2248.6573426573427	0.0	757.3426573426573
2026/02/23	5.022	0.0	1.77	0.0	1.77	1.77	3.2520000000000002	3006.0	757.3426573426573	760.5946573426572	760.5946573426572	760.5946573426572	0.0	0.0	0.0	0.0	0.0	3497.0	0.0	3.2520000000000002	3.2520000000000002	2245.4053426573428	0.0	760.5946573426572
