日期	合计来水	需水量	其他生态需水	水位生态需水	生态需水	总需水量	净流量	目标容积	日初容积	日中容积	日末容积	排末容积	初河蓄水	蓄水消后	缺水(浙东需供)	末河蓄水	排河蓄水	排水容积	河区排水	容积变化	排后变化	纳蓄能力	低水位以上蓄水量	总蓄水量
2026/02/15	2.526	7.09	1.36	0.0	1.36	8.45	-5.9239999999999995	3006.0	0.0	-5.9239999999999995	0.0	0.0	0.0	0.0	5.9239999999999995	0.0	0.0	3333.333333333333	0.0	-5.9239999999999995	-5.9239999999999995	3006.0	0.0	0.0
2026/02/16	1.463	7.09	1.36	0.0	1.36	8.45	-6.986999999999999	3006.0	0.0	-6.986999999999999	0.0	0.0	0.0	0.0	6.986999999999999	0.0	0.0	3333.333333333333	0.0	-6.986999999999999	-6.986999999999999	3006.0	0.0	0.0
2026/02/17	1.254	7.09	1.36	0.0	1.36	8.45	-7.196	3006.0	0.0	-7.196	0.0	0.0	0.0	0.0	7.196	0.0	0.0	3333.333333333333	0.0	-7.196	-7.196	3006.0	0.0	0.0
2026/02/18	1.09	7.09	1.36	0.0	1.36	8.45	-7.359999999999999	3006.0	0.0	-7.359999999999999	0.0	0.0	0.0	0.0	7.359999999999999	0.0	0.0	3333.333333333333	0.0	-7.359999999999999	-7.359999999999999	3006.0	0.0	0.0
2026/02/19	0.957	7.09	1.36	0.0	1.36	8.45	-7.492999999999999	3006.0	0.0	-7.492999999999999	0.0	0.0	0.0	0.0	7.492999999999999	0.0	0.0	3333.333333333333	0.0	-7.492999999999999	-7.492999999999999	3006.0	0.0	0.0
2026/02/20	0.849	7.09	1.36	0.0	1.36	8.45	-7.600999999999999	3006.0	0.0	-7.600999999999999	0.0	0.0	0.0	0.0	7.600999999999999	0.0	0.0	3333.333333333333	0.0	-7.600999999999999	-7.600999999999999	3006.0	0.0	0.0
2026/02/21	0.758	7.09	1.36	0.0	1.36	8.45	-7.691999999999999	3006.0	0.0	-7.691999999999999	0.0	0.0	0.0	0.0	7.691999999999999	0.0	0.0	3333.333333333333	0.0	-7.691999999999999	-7.691999999999999	3006.0	0.0	0.0
2026/02/22	0.681	7.09	1.36	0.0	1.36	8.45	-7.768999999999999	3006.0	0.0	-7.768999999999999	0.0	0.0	0.0	0.0	7.768999999999999	0.0	0.0	3333.333333333333	0.0	-7.768999999999999	-7.768999999999999	3006.0	0.0	0.0
2026/02/23	0.615	0.0	1.36	0.0	1.36	1.36	-0.7450000000000001	3006.0	0.0	-0.7450000000000001	0.0	0.0	0.0	0.0	0.7450000000000001	0.0	0.0	3333.333333333333	0.0	-0.7450000000000001	-0.7450000000000001	3006.0	0.0	0.0
