日期	合计来水	需水量	其他生态需水	水位生态需水	生态需水	总需水量	净流量	目标容积	日初容积	日中容积	日末容积	排末容积	初河蓄水	蓄水消后	缺水(浙东需供)	末河蓄水	排河蓄水	排水容积	河区排水	容积变化	排后变化	纳蓄能力	低水位以上蓄水量	总蓄水量
2026/02/15	2.526	0	0.0	0.0	0.0	0.0	2.526	0.0	0.0	2.526	2.526	0.0	0.0	0.0	0.0	0.0	0.0	0.0	2.526	2.526	0.0	0.0	0.0	0.0
2026/02/16	1.463	0	0.0	0.0	0.0	0.0	1.463	0.0	0.0	1.463	1.463	0.0	0.0	0.0	0.0	0.0	0.0	0.0	1.463	1.463	0.0	0.0	0.0	0.0
2026/02/17	1.254	0	0.0	0.0	0.0	0.0	1.254	0.0	0.0	1.254	1.254	0.0	0.0	0.0	0.0	0.0	0.0	0.0	1.254	1.254	0.0	0.0	0.0	0.0
2026/02/18	1.09	0	0.0	0.0	0.0	0.0	1.09	0.0	0.0	1.09	1.09	0.0	0.0	0.0	0.0	0.0	0.0	0.0	1.09	1.09	0.0	0.0	0.0	0.0
2026/02/19	0.957	0	0.0	0.0	0.0	0.0	0.957	0.0	0.0	0.957	0.957	0.0	0.0	0.0	0.0	0.0	0.0	0.0	0.957	0.957	0.0	0.0	0.0	0.0
2026/02/20	0.849	0	0.0	0.0	0.0	0.0	0.849	0.0	0.0	0.849	0.849	0.0	0.0	0.0	0.0	0.0	0.0	0.0	0.849	0.849	0.0	0.0	0.0	0.0
2026/02/21	0.758	0	0.0	0.0	0.0	0.0	0.758	0.0	0.0	0.758	0.758	0.0	0.0	0.0	0.0	0.0	0.0	0.0	0.758	0.758	0.0	0.0	0.0	0.0
2026/02/22	0.681	0	0.0	0.0	0.0	0.0	0.681	0.0	0.0	0.681	0.681	0.0	0.0	0.0	0.0	0.0	0.0	0.0	0.681	0.681	0.0	0.0	0.0	0.0
2026/02/23	0.615	0	0.0	0.0	0.0	0.0	0.615	0.0	0.0	0.615	0.615	0.0	0.0	0.0	0.0	0.0	0.0	0.0	0.615	0.615	0.0	0.0	0.0	0.0
