日期	合计来水	需水量	其他生态需水	水位生态需水	生态需水	总需水量	净流量	目标容积	日初容积	日中容积	日末容积	排末容积	初河蓄水	蓄水消后	缺水(浙东需供)	末河蓄水	排河蓄水	排水容积	河区排水	容积变化	排后变化	纳蓄能力	低水位以上蓄水量	总蓄水量
2026/02/15	11.49	0	11.49	0.0	11.49	11.49	0.0	346.5753424657534	346.5753424657534	346.5753424657534	346.5753424657534	346.5753424657534	0.0	0.0	0.0	0.0	0.0	1945.666666666667	0.0	0.0	0.0	1384.4246575342465	0.0	346.5753424657534
2026/02/16	11.490000000000002	0	11.49	0.0	11.49	11.49	1.7763568394002505e-15	346.5753424657534	346.5753424657534	346.5753424657534	346.5753424657534	346.5753424657534	0.0	0.0	0.0	0.0	0.0	1945.666666666667	0.0	1.7763568394002505e-15	1.7763568394002505e-15	1384.4246575342465	0.0	346.5753424657534
2026/02/17	11.49	0	11.49	0.0	11.49	11.49	0.0	346.5753424657534	346.5753424657534	346.5753424657534	346.5753424657534	346.5753424657534	0.0	0.0	0.0	0.0	0.0	1945.666666666667	0.0	0.0	0.0	1384.4246575342465	0.0	346.5753424657534
2026/02/18	11.49	0	11.49	0.0	11.49	11.49	0.0	346.5753424657534	346.5753424657534	346.5753424657534	346.5753424657534	346.5753424657534	0.0	0.0	0.0	0.0	0.0	1945.666666666667	0.0	0.0	0.0	1384.4246575342465	0.0	346.5753424657534
2026/02/19	11.49	0	11.49	0.0	11.49	11.49	0.0	346.5753424657534	346.5753424657534	346.5753424657534	346.5753424657534	346.5753424657534	0.0	0.0	0.0	0.0	0.0	1945.666666666667	0.0	0.0	0.0	1384.4246575342465	0.0	346.5753424657534
2026/02/20	11.49	0	11.49	0.0	11.49	11.49	0.0	346.5753424657534	346.5753424657534	346.5753424657534	346.5753424657534	346.5753424657534	0.0	0.0	0.0	0.0	0.0	1945.666666666667	0.0	0.0	0.0	1384.4246575342465	0.0	346.5753424657534
2026/02/21	11.489999999999998	0	11.49	0.0	11.49	11.49	-1.7763568394002505e-15	346.5753424657534	346.5753424657534	346.5753424657534	346.5753424657534	346.5753424657534	0.0	0.0	1.7763568394002505e-15	0.0	0.0	1945.666666666667	0.0	-1.7763568394002505e-15	-1.7763568394002505e-15	1384.4246575342465	0.0	346.5753424657534
2026/02/22	11.490000000000002	0	11.49	0.0	11.49	11.49	1.7763568394002505e-15	346.5753424657534	346.5753424657534	346.5753424657534	346.5753424657534	346.5753424657534	0.0	0.0	0.0	0.0	0.0	1945.666666666667	0.0	1.7763568394002505e-15	1.7763568394002505e-15	1384.4246575342465	0.0	346.5753424657534
2026/02/23	11.49	0	11.49	0.0	11.49	11.49	0.0	346.5753424657534	346.5753424657534	346.5753424657534	346.5753424657534	346.5753424657534	0.0	0.0	0.0	0.0	0.0	1945.666666666667	0.0	0.0	0.0	1384.4246575342465	0.0	346.5753424657534
