日期	合计来水	需水量	其他生态需水	水位生态需水	生态需水	总需水量	净流量	目标容积	日初容积	日中容积	日末容积	排末容积	初河蓄水	蓄水消后	缺水(浙东需供)	末河蓄水	排河蓄水	排水容积	河区排水	容积变化	排后变化	纳蓄能力	低水位以上蓄水量	总蓄水量
2026/02/15	19.51	15.38	4.13	0.0	4.13	19.51	0.0	27900.0	0.0	0.0	0.0	0.0	0.0	0.0	0.0	0.0	0.0	30180.0	0.0	0.0	0.0	27900.0	0.0	0.0
2026/02/16	19.51	15.38	4.13	0.0	4.13	19.51	0.0	27900.0	0.0	0.0	0.0	0.0	0.0	0.0	0.0	0.0	0.0	30180.0	0.0	0.0	0.0	27900.0	0.0	0.0
2026/02/17	19.51	15.38	4.13	0.0	4.13	19.51	0.0	27900.0	0.0	0.0	0.0	0.0	0.0	0.0	0.0	0.0	0.0	30180.0	0.0	0.0	0.0	27900.0	0.0	0.0
2026/02/18	19.51	15.38	4.13	0.0	4.13	19.51	0.0	27900.0	0.0	0.0	0.0	0.0	0.0	0.0	0.0	0.0	0.0	30180.0	0.0	0.0	0.0	27900.0	0.0	0.0
2026/02/19	19.51	15.38	4.13	0.0	4.13	19.51	0.0	27900.0	0.0	0.0	0.0	0.0	0.0	0.0	0.0	0.0	0.0	30180.0	0.0	0.0	0.0	27900.0	0.0	0.0
2026/02/20	19.51	15.38	4.13	0.0	4.13	19.51	0.0	27900.0	0.0	0.0	0.0	0.0	0.0	0.0	0.0	0.0	0.0	30180.0	0.0	0.0	0.0	27900.0	0.0	0.0
2026/02/21	19.51	15.38	4.13	0.0	4.13	19.51	0.0	27900.0	0.0	0.0	0.0	0.0	0.0	0.0	0.0	0.0	0.0	30180.0	0.0	0.0	0.0	27900.0	0.0	0.0
2026/02/22	19.51	15.38	4.13	0.0	4.13	19.51	0.0	27900.0	0.0	0.0	0.0	0.0	0.0	0.0	0.0	0.0	0.0	30180.0	0.0	0.0	0.0	27900.0	0.0	0.0
2026/02/23	4.13	0.0	4.13	0.0	4.13	4.13	0.0	27900.0	0.0	0.0	0.0	0.0	0.0	0.0	0.0	0.0	0.0	30180.0	0.0	0.0	0.0	27900.0	0.0	0.0
