日期	合计来水	需水量	其他生态需水	水位生态需水	生态需水	总需水量	净流量	目标容积	日初容积	日中容积	日末容积	排末容积	初河蓄水	蓄水消后	缺水(浙东需供)	末河蓄水	排河蓄水	排水容积	河区排水	容积变化	排后变化	纳蓄能力	低水位以上蓄水量	总蓄水量
2026/02/15	2.526	0.62	0.39	0.0	0.39	1.01	1.5159999999999998	635.0	0.0	1.5159999999999998	1.5159999999999998	1.5159999999999998	0.0	0.0	0.0	0.0	0.0	702.3333333333333	0.0	1.5159999999999998	1.5159999999999998	633.484	0.0	1.5159999999999998
2026/02/16	1.463	0.62	0.39	0.0	0.39	1.01	0.45300000000000007	635.0	1.5159999999999998	1.9689999999999999	1.9689999999999999	1.9689999999999999	0.0	0.0	0.0	0.0	0.0	702.3333333333333	0.0	0.45300000000000007	0.45300000000000007	633.031	0.0	1.9689999999999999
2026/02/17	1.254	0.62	0.39	0.0	0.39	1.01	0.244	635.0	1.9689999999999999	2.213	2.213	2.213	0.0	0.0	0.0	0.0	0.0	702.3333333333333	0.0	0.244	0.244	632.787	0.0	2.213
2026/02/18	1.09	0.62	0.39	0.0	0.39	1.01	0.08000000000000007	635.0	2.213	2.293	2.293	2.293	0.0	0.0	0.0	0.0	0.0	702.3333333333333	0.0	0.08000000000000007	0.08000000000000007	632.707	0.0	2.293
2026/02/19	0.957	0.62	0.39	0.0	0.39	1.01	-0.05300000000000005	635.0	2.293	2.24	2.293	2.293	0.0	0.0	0.05300000000000005	0.0	0.0	702.3333333333333	0.0	-0.05300000000000005	-0.05300000000000005	632.707	0.0	2.293
2026/02/20	0.849	0.62	0.39	0.0	0.39	1.01	-0.16100000000000003	635.0	2.293	2.132	2.293	2.293	0.0	0.0	0.16100000000000003	0.0	0.0	702.3333333333333	0.0	-0.16100000000000003	-0.16100000000000003	632.707	0.0	2.293
2026/02/21	0.758	0.62	0.39	0.0	0.39	1.01	-0.252	635.0	2.293	2.0410000000000004	2.293	2.293	0.0	0.0	0.252	0.0	0.0	702.3333333333333	0.0	-0.252	-0.252	632.707	0.0	2.293
2026/02/22	0.681	0.62	0.39	0.0	0.39	1.01	-0.32899999999999996	635.0	2.293	1.9640000000000002	2.293	2.293	0.0	0.0	0.32899999999999996	0.0	0.0	702.3333333333333	0.0	-0.32899999999999996	-0.32899999999999996	632.707	0.0	2.293
2026/02/23	0.615	0.0	0.39	0.0	0.39	0.39	0.22499999999999998	635.0	2.293	2.5180000000000002	2.5180000000000002	2.5180000000000002	0.0	0.0	0.0	0.0	0.0	702.3333333333333	0.0	0.22499999999999998	0.22499999999999998	632.482	0.0	2.5180000000000002
