日期	合计来水	需水量	其他生态需水	水位生态需水	生态需水	总需水量	净流量	目标容积	日初容积	日中容积	日末容积	排末容积	初河蓄水	蓄水消后	缺水(浙东需供)	末河蓄水	排河蓄水	排水容积	河区排水	容积变化	排后变化	纳蓄能力	低水位以上蓄水量	总蓄水量
2026/02/15	3.62	2.71	0.91	0.0	0.91	3.62	0.0	2450.0	0.0	0.0	0.0	0.0	0.0	0.0	0.0	0.0	0.0	2683.333333333333	0.0	0.0	0.0	2450.0	0.0	0.0
2026/02/16	3.62	2.71	0.91	0.0	0.91	3.62	0.0	2450.0	0.0	0.0	0.0	0.0	0.0	0.0	0.0	0.0	0.0	2683.333333333333	0.0	0.0	0.0	2450.0	0.0	0.0
2026/02/17	3.62	2.71	0.91	0.0	0.91	3.62	0.0	2450.0	0.0	0.0	0.0	0.0	0.0	0.0	0.0	0.0	0.0	2683.333333333333	0.0	0.0	0.0	2450.0	0.0	0.0
2026/02/18	3.62	2.71	0.91	0.0	0.91	3.62	0.0	2450.0	0.0	0.0	0.0	0.0	0.0	0.0	0.0	0.0	0.0	2683.333333333333	0.0	0.0	0.0	2450.0	0.0	0.0
2026/02/19	3.62	2.71	0.91	0.0	0.91	3.62	0.0	2450.0	0.0	0.0	0.0	0.0	0.0	0.0	0.0	0.0	0.0	2683.333333333333	0.0	0.0	0.0	2450.0	0.0	0.0
2026/02/20	3.62	2.71	0.91	0.0	0.91	3.62	0.0	2450.0	0.0	0.0	0.0	0.0	0.0	0.0	0.0	0.0	0.0	2683.333333333333	0.0	0.0	0.0	2450.0	0.0	0.0
2026/02/21	3.62	2.71	0.91	0.0	0.91	3.62	0.0	2450.0	0.0	0.0	0.0	0.0	0.0	0.0	0.0	0.0	0.0	2683.333333333333	0.0	0.0	0.0	2450.0	0.0	0.0
2026/02/22	3.62	2.71	0.91	0.0	0.91	3.62	0.0	2450.0	0.0	0.0	0.0	0.0	0.0	0.0	0.0	0.0	0.0	2683.333333333333	0.0	0.0	0.0	2450.0	0.0	0.0
2026/02/23	0.91	0.0	0.91	0.0	0.91	0.91	0.0	2450.0	0.0	0.0	0.0	0.0	0.0	0.0	0.0	0.0	0.0	2683.333333333333	0.0	0.0	0.0	2450.0	0.0	0.0
